layout_spectrum: 0.37513447855599225
typography_spectrum: 0.5816660700365901
color:
  brandStrength: 0.523854112951085
  lightness: 0.16627587866969407
  saturation: 0.08282259944826365
  rhythmicContrast: 0.10010953829623759
  brandColors:
    - '#32C2AA'
name: Viva Las Olas
